[["Player 1", "Computer"], [1, 1], [0, 0], [0, 1], [2, 1], [1, 0], [1, 2], [0, 2], [2, 0], [2, 2], "Draw"]
[["Player 1", "Computer"], [0, 2], [1, 1], [0, 0], [0, 1], [2, 1], [1, 0], [1, 2], [2, 2], [2, 0], "Draw"]
[["Player 1", "Computer"], [2, 0], [1, 1], [0, 0], [1, 0], [1, 2], [0, 1], [2, 1], [2, 2], [0, 2], "Draw"]
[["Player 1", "Computer"], [2, 0], [1, 1], [0, 0], [1, 0], [1, 2], [0, 1], [2, 1], [2, 2], [0, 2], "Draw"]
[["Player 1", "Computer"], [2, 0], [1, 1], [0, 0], [1, 0], [1, 2], [0, 1], [2, 1], [2, 2], [0, 2], "Draw"]
[["Player 1", "Computer"], [2, 2], [1, 1], [0, 0], [0, 1], [2, 1], [2, 0], [0, 2], [1, 2], [1, 0], "Draw"]
[["Player 1", "Computer"], [1, 2], [0, 2], [0, 0], [1, 0], [0, 1], [1, 1], [2, 0], [2, 1], [2, 2], "Draw"]
[["Player 1", "Computer"], [0, 0], [1, 1], [0, 1], [0, 2], [2, 0], [1, 0], [1, 2], [2, 1], [2, 2], "Draw"]
[["Player 1", "Computer"], [1, 2], [0, 2], [0, 0], [1, 0], [0, 1], [1, 1], [2, 0], [2, 1], [2, 2], "Draw"]
[["Player 1", "Computer"], [1, 1], [0, 0], [0, 1], [2, 1], [1, 0], [1, 2], [0, 2], [2, 0], [2, 2], "Draw"]
[["Player 1", "Computer"], [0, 1], [0, 0], [1, 0], [1, 1], [2, 2], [0, 2], [2, 0], [2, 1], [1, 2], "Draw"]
[["Player 1", "Computer"], [1, 1], [0, 0], [0, 1], [2, 1], [1, 0], [1, 2], [0, 2], [2, 0], [2, 2], "Draw"]
[["Player 1", "Computer"], [1, 0], [0, 0], [0, 1], [1, 1], [2, 2], [0, 2], [2, 0], [2, 1], [1, 2], "Draw"]
[["Player 1", "Computer"], [1, 2], [0, 2], [0, 0], [1, 0], [0, 1], [1, 1], [2, 0], [2, 1], [2, 2], "Draw"]
[["Player 1", "Computer"], [1, 2], [0, 2], [0, 0], [1, 0], [0, 1], [1, 1], [2, 0], [2, 1], [2, 2], "Draw"]
[["Player 1", "Computer"], [2, 0], [1, 1], [0, 0], [1, 0], [1, 2], [0, 1], [2, 1], [2, 2], [0, 2], "Draw"]
[["Player 1", "Computer"], [2, 2], [1, 1], [0, 0], [0, 1], [2, 1], [2, 0], [0, 2], [1, 2], [1, 0], "Draw"]
[["Player 1", "Computer"], [1, 0], [0, 0], [0, 1], [1, 1], [2, 2], [0, 2], [2, 0], [2, 1], [1, 2], "Draw"]
[["Player 1", "Computer"], [2, 0], [1, 1], [0, 0], [1, 0], [1, 2], [0, 1], [2, 1], [2, 2], [0, 2], "Draw"]
[["Player 1", "Computer"], [0, 2], [1, 1], [0, 0], [0, 1], [2, 1], [1, 0], [1, 2], [2, 2], [2, 0], "Draw"]
[["Player 1", "Computer"], [1, 1], [0, 0], [0, 1], [2, 1], [1, 0], [1, 2], [0, 2], [2, 0], [2, 2], "Draw"]
[["Player 1", "Computer"], [0, 1], [0, 0], [1, 0], [1, 1], [2, 2], [0, 2], [2, 0], [2, 1], [1, 2], "Draw"]
[["Player 1", "Computer"], [1, 1], [0, 0], [0, 1], [2, 1], [1, 0], [1, 2], [0, 2], [2, 0], [2, 2], "Draw"]
[["Player 1", "Computer"], [1, 0], [0, 0], [0, 1], [1, 1], [2, 2], [0, 2], [2, 0], [2, 1], [1, 2], "Draw"]
[["Player 1", "Computer"], [2, 2], [1, 1], [0, 0], [0, 1], [2, 1], [2, 0], [0, 2], [1, 2], [1, 0], "Draw"]
[["Player 1", "Computer"], [1, 0], [0, 0], [0, 1], [1, 1], [2, 2], [0, 2], [2, 0], [2, 1], [1, 2], "Draw"]
[["Player 1", "Computer"], [0, 0], [1, 1], [0, 1], [0, 2], [2, 0], [1, 0], [1, 2], [2, 1], [2, 2], "Draw"]
[["Player 1", "Computer"], [2, 1], [0, 1], [0, 0], [2, 0], [0, 2], [1, 1], [1, 0], [1, 2], [2, 2], "Draw"]
[["Player 1", "Computer"], [2, 2], [1, 1], [0, 0], [0, 1], [2, 1], [2, 0], [0, 2], [1, 2], [1, 0], "Draw"]
[["Player 1", "Computer"], [2, 0], [1, 1], [0, 0], [1, 0], [1, 2], [0, 1], [2, 1], [2, 2], [0, 2], "Draw"]
[["Player 1", "Computer"], [0, 0], [1, 1], [0, 1], [0, 2], [2, 0], [1, 0], [1, 2], [2, 1], [2, 2], "Draw"]
[["Player 1", "Computer"], [0, 1], [0, 0], [1, 0], [1, 1], [2, 2], [0, 2], [2, 0], [2, 1], [1, 2], "Draw"]
[["Player 1", "Computer"], [2, 2], [1, 1], [0, 0], [0, 1], [2, 1], [2, 0], [0, 2], [1, 2], [1, 0], "Draw"]
[["Player 1", "Computer"], [0, 1], [0, 0], [1, 0], [1, 1], [2, 2], [0, 2], [2, 0], [2, 1], [1, 2], "Draw"]
[["Player 1", "Computer"], [0, 1], [0, 0], [1, 0], [1, 1], [2, 2], [0, 2], [2, 0], [2, 1], [1, 2], "Draw"]
[["Player 1", "Computer"], [1, 2], [0, 2], [0, 0], [1, 0], [0, 1], [1, 1], [2, 0], [2, 1], [2, 2], "Draw"]
[["Player 1", "Computer"], [0, 0], [1, 1], [0, 1], [0, 2], [2, 0], [1, 0], [1, 2], [2, 1], [2, 2], "Draw"]
[["Player 1", "Computer"], [1, 2], [0, 2], [0, 0], [1, 0], [0, 1], [1, 1], [2, 0], [2, 1], [2, 2], "Draw"]
[["Player 1", "Computer"], [1, 2], [0, 2], [0, 0], [1, 0], [0, 1], [1, 1], [2, 0], [2, 1], [2, 2], "Draw"]
[["Player 1", "Computer"], [2, 2], [1, 1], [0, 0], [0, 1], [2, 1], [2, 0], [0, 2], [1, 2], [1, 0], "Draw"]
[["Player 1", "Computer"], [2, 2], [1, 1], [0, 0], [0, 1], [2, 1], [2, 0], [0, 2], [1, 2], [1, 0], "Draw"]
[["Player 1", "Computer"], [0, 1], [0, 0], [1, 0], [1, 1], [2, 2], [0, 2], [2, 0], [2, 1], [1, 2], "Draw"]
[["Player 1", "Computer"], [2, 1], [0, 1], [0, 0], [2, 0], [0, 2], [1, 1], [1, 0], [1, 2], [2, 2], "Draw"]
[["Player 1", "Computer"], [1, 2], [0, 2], [0, 0], [1, 0], [0, 1], [1, 1], [2, 0], [2, 1], [2, 2], "Draw"]
[["Player 1", "Computer"], [2, 2], [1, 1], [0, 0], [0, 1], [2, 1], [2, 0], [0, 2], [1, 2], [1, 0], "Draw"]
[["Player 1", "Computer"], [0, 2], [1, 1], [0, 0], [0, 1], [2, 1], [1, 0], [1, 2], [2, 2], [2, 0], "Draw"]
[["Player 1", "Computer"], [0, 2], [1, 1], [0, 0], [0, 1], [2, 1], [1, 0], [1, 2], [2, 2], [2, 0], "Draw"]
[["Player 1", "Computer"], [0, 0], [1, 1], [0, 1], [0, 2], [2, 0], [1, 0], [1, 2], [2, 1], [2, 2], "Draw"]
[["Player 1", "Computer"], [2, 2], [1, 1], [0, 0], [0, 1], [2, 1], [2, 0], [0, 2], [1, 2], [1, 0], "Draw"]
[["Player 1", "Computer"], [2, 2], [1, 1], [0, 0], [0, 1], [2, 1], [2, 0], [0, 2], [1, 2], [1, 0], "Draw"]
[["Player 1", "Computer"], [0, 1], [0, 0], [1, 0], [1, 1], [2, 2], [0, 2], [2, 0], [2, 1], [1, 2], "Draw"]
[["Player 1", "Computer"], [2, 0], [1, 1], [0, 0], [1, 0], [1, 2], [0, 1], [2, 1], [2, 2], [0, 2], "Draw"]
[["Player 1", "Computer"], [2, 1], [0, 1], [0, 0], [2, 0], [0, 2], [1, 1], [1, 0], [1, 2], [2, 2], "Draw"]
[["Player 1", "Computer"], [1, 1], [0, 0], [0, 1], [2, 1], [1, 0], [1, 2], [0, 2], [2, 0], [2, 2], "Draw"]
[["Player 1", "Computer"], [0, 1], [0, 0], [1, 0], [1, 1], [2, 2], [0, 2], [2, 0], [2, 1], [1, 2], "Draw"]
[["Player 1", "Computer"], [1, 1], [0, 0], [0, 1], [2, 1], [1, 0], [1, 2], [0, 2], [2, 0], [2, 2], "Draw"]
[["Player 1", "Computer"], [1, 1], [0, 0], [0, 1], [2, 1], [1, 0], [1, 2], [0, 2], [2, 0], [2, 2], "Draw"]
[["Player 1", "Computer"], [2, 2], [1, 1], [0, 0], [0, 1], [2, 1], [2, 0], [0, 2], [1, 2], [1, 0], "Draw"]
[["Player 1", "Computer"], [1, 1], [0, 0], [0, 1], [2, 1], [1, 0], [1, 2], [0, 2], [2, 0], [2, 2], "Draw"]
[["Player 1", "Computer"], [0, 0], [1, 1], [0, 1], [0, 2], [2, 0], [1, 0], [1, 2], [2, 1], [2, 2], "Draw"]
[["Player 1", "Computer"], [0, 0], [1, 1], [0, 1], [0, 2], [2, 0], [1, 0], [1, 2], [2, 1], [2, 2], "Draw"]
[["Player 1", "Computer"], [1, 1], [0, 0], [0, 1], [2, 1], [1, 0], [1, 2], [0, 2], [2, 0], [2, 2], "Draw"]
[["Player 1", "Computer"], [0, 2], [1, 1], [0, 0], [0, 1], [2, 1], [1, 0], [1, 2], [2, 2], [2, 0], "Draw"]
[["Player 1", "Computer"], [2, 0], [1, 1], [0, 0], [1, 0], [1, 2], [0, 1], [2, 1], [2, 2], [0, 2], "Draw"]
[["Player 1", "Computer"], [1, 2], [0, 2], [0, 0], [1, 0], [0, 1], [1, 1], [2, 0], [2, 1], [2, 2], "Draw"]
[["Player 1", "Computer"], [0, 0], [1, 1], [0, 1], [0, 2], [2, 0], [1, 0], [1, 2], [2, 1], [2, 2], "Draw"]
[["Player 1", "Computer"], [2, 0], [1, 1], [0, 0], [1, 0], [1, 2], [0, 1], [2, 1], [2, 2], [0, 2], "Draw"]
[["Player 1", "Computer"], [2, 2], [1, 1], [0, 0], [0, 1], [2, 1], [2, 0], [0, 2], [1, 2], [1, 0], "Draw"]
[["Player 1", "Computer"], [1, 2], [0, 2], [0, 0], [1, 0], [0, 1], [1, 1], [2, 0], [2, 1], [2, 2], "Draw"]
[["Player 1", "Computer"], [0, 1], [0, 0], [1, 0], [1, 1], [2, 2], [0, 2], [2, 0], [2, 1], [1, 2], "Draw"]
[["Player 1", "Computer"], [0, 0], [1, 1], [0, 1], [0, 2], [2, 0], [1, 0], [1, 2], [2, 1], [2, 2], "Draw"]
[["Player 1", "Computer"], [0, 1], [0, 0], [1, 0], [1, 1], [2, 2], [0, 2], [2, 0], [2, 1], [1, 2], "Draw"]
[["Player 1", "Computer"], [2, 2], [1, 1], [0, 0], [0, 1], [2, 1], [2, 0], [0, 2], [1, 2], [1, 0], "Draw"]
[["Player 1", "Computer"], [1, 2], [0, 2], [0, 0], [1, 0], [0, 1], [1, 1], [2, 0], [2, 1], [2, 2], "Draw"]
[["Player 1", "Computer"], [2, 1], [0, 1], [0, 0], [2, 0], [0, 2], [1, 1], [1, 0], [1, 2], [2, 2], "Draw"]
[["Player 1", "Computer"], [0, 2], [1, 1], [0, 0], [0, 1], [2, 1], [1, 0], [1, 2], [2, 2], [2, 0], "Draw"]
[["Player 1", "Computer"], [0, 2], [1, 1], [0, 0], [0, 1], [2, 1], [1, 0], [1, 2], [2, 2], [2, 0], "Draw"]
[["Player 1", "Computer"], [2, 1], [0, 1], [0, 0], [2, 0], [0, 2], [1, 1], [1, 0], [1, 2], [2, 2], "Draw"]
[["Player 1", "Computer"], [2, 1], [0, 1], [0, 0], [2, 0], [0, 2], [1, 1], [1, 0], [1, 2], [2, 2], "Draw"]
[["Player 1", "Computer"], [2, 0], [1, 1], [0, 0], [1, 0], [1, 2], [0, 1], [2, 1], [2, 2], [0, 2], "Draw"]
[["Player 1", "Computer"], [0, 1], [0, 0], [1, 0], [1, 1], [2, 2], [0, 2], [2, 0], [2, 1], [1, 2], "Draw"]
[["Player 1", "Computer"], [2, 1], [0, 1], [0, 0], [2, 0], [0, 2], [1, 1], [1, 0], [1, 2], [2, 2], "Draw"]
[["Player 1", "Computer"], [2, 1], [0, 1], [0, 0], [2, 0], [0, 2], [1, 1], [1, 0], [1, 2], [2, 2], "Draw"]
[["Player 1", "Computer"], [1, 2], [0, 2], [0, 0], [1, 0], [0, 1], [1, 1], [2, 0], [2, 1], [2, 2], "Draw"]
[["Player 1", "Computer"], [2, 1], [0, 1], [0, 0], [2, 0], [0, 2], [1, 1], [1, 0], [1, 2], [2, 2], "Draw"]
[["Player 1", "Computer"], [2, 2], [1, 1], [0, 0], [0, 1], [2, 1], [2, 0], [0, 2], [1, 2], [1, 0], "Draw"]
[["Player 1", "Computer"], [0, 1], [0, 0], [1, 0], [1, 1], [2, 2], [0, 2], [2, 0], [2, 1], [1, 2], "Draw"]
[["Player 1", "Computer"], [0, 2], [1, 1], [0, 0], [0, 1], [2, 1], [1, 0], [1, 2], [2, 2], [2, 0], "Draw"]
[["Player 1", "Computer"], [2, 1], [0, 1], [0, 0], [2, 0], [0, 2], [1, 1], [1, 0], [1, 2], [2, 2], "Draw"]
[["Player 1", "Computer"], [0, 0], [1, 1], [0, 1], [0, 2], [2, 0], [1, 0], [1, 2], [2, 1], [2, 2], "Draw"]
[["Player 1", "Computer"], [0, 1], [0, 0], [1, 0], [1, 1], [2, 2], [0, 2], [2, 0], [2, 1], [1, 2], "Draw"]
[["Player 1", "Computer"], [2, 0], [1, 1], [0, 0], [1, 0], [1, 2], [0, 1], [2, 1], [2, 2], [0, 2], "Draw"]
[["Player 1", "Computer"], [1, 1], [0, 0], [0, 1], [2, 1], [1, 0], [1, 2], [0, 2], [2, 0], [2, 2], "Draw"]
[["Player 1", "Computer"], [0, 1], [0, 0], [1, 0], [1, 1], [2, 2], [0, 2], [2, 0], [2, 1], [1, 2], "Draw"]
[["Player 1", "Computer"], [1, 2], [0, 2], [0, 0], [1, 0], [0, 1], [1, 1], [2, 0], [2, 1], [2, 2], "Draw"]
[["Player 1", "Computer"], [2, 0], [1, 1], [0, 0], [1, 0], [1, 2], [0, 1], [2, 1], [2, 2], [0, 2], "Draw"]
[["Player 1", "Computer"], [0, 2], [1, 1], [0, 0], [0, 1], [2, 1], [1, 0], [1, 2], [2, 2], [2, 0], "Draw"]
[["Player 1", "Computer"], [2, 2], [1, 1], [0, 0], [0, 1], [2, 1], [2, 0], [0, 2], [1, 2], [1, 0], "Draw"]
[["Player 1", "Computer"], [2, 2], [1, 1], [0, 0], [0, 1], [2, 1], [2, 0], [0, 2], [1, 2], [1, 0], "Draw"]
[["Player 1", "Computer"], [1, 1], [0, 0], [0, 1], [2, 1], [1, 0], [1, 2], [0, 2], [2, 0], [2, 2], "Draw"][["Player 1", "Computer"], [1, 1], [0, 0], [0, 1], [2, 2], [0, 2], [1, 0], [2, 0], "Player 1"]
[["Player 1", "Computer"], [2, 2], [1, 1], [0, 0], [0, 1], [2, 1], [2, 0], [0, 2], [1, 2], [1, 0], "Draw"]
[["Player 1", "Computer"], [0, 2], [1, 1], [0, 0], [0, 1], [2, 1], [1, 0], [1, 2], [2, 2], [2, 0], "Draw"]
[["Player 1", "Computer"], [0, 2], [1, 1], [0, 0], [0, 1], [2, 1], [1, 0], [1, 2], [2, 2], [2, 0], "Draw"]
[["Player 1", "Computer"], [0, 2], [1, 1], [0, 0], [0, 1], [2, 1], [1, 0], [1, 2], [2, 2], [2, 0], "Draw"]
[["Player 1", "Computer"], [0, 2], [1, 1], [0, 0], [0, 1], [2, 1], [1, 0], [1, 2], [2, 2], [2, 0], "Draw"]
[["Player 1", "Computer"], [0, 0], [1, 1], [0, 1], [0, 2], [2, 0], [1, 0], [1, 2], [2, 1], [2, 2], "Draw"]
[["Player 1", "Computer"], [0, 0], [1, 1], [0, 1], [0, 2], [2, 0], [1, 0], [1, 2], [2, 1], [2, 2], "Draw"]
[["Player 1", "Computer"], [2, 2], [1, 1], [0, 0], [0, 1], [2, 1], [2, 0], [0, 2], [1, 2], [1, 0], "Draw"]
[["Player 1", "Computer"], [1, 1], [0, 0], [1, 2], [1, 0], [2, 0], [0, 2], [0, 1], [2, 1], [2, 2], "Draw"]
[["Player 1", "Computer"], [0, 1], [2, 0], [0, 0], [0, 2], [1, 1], [1, 0], [1, 2], [2, 1], [2, 2], "Player 1"]
[["Player 1", "Computer"], [1, 0], [0, 0], [0, 1], [1, 1], [2, 2], [0, 2], [2, 0], [2, 1], [1, 2], "Draw"]
[["Player 1", "Computer"], [0, 2], [1, 1], [0, 0], [0, 1], [1, 2], [2, 1], "Computer"]
[["Player 1", "Computer"], [2, 2], [1, 1], [0, 0], [0, 1], [2, 1], [2, 0], [0, 2], [1, 2], [1, 0], "Draw"]
[["Player 1", "Computer"], [1, 1], [0, 0], [0, 1], [2, 1], [1, 0], [1, 2], [0, 2], [2, 0], [2, 2], "Draw"]
[["Player 1", "Computer"], [2, 2], [1, 1], [0, 0], [0, 1], [2, 1], [2, 0], [1, 2], [0, 2], "Computer"]
[["Player 1", "Computer"], [2, 2], [1, 1], [0, 0], [0, 1], [2, 1], [2, 0], [0, 2], [1, 2], [1, 0], "Draw"]
[["Player 1", "Computer"], [0, 1], [0, 0], [1, 0], [1, 1], [2, 2], [0, 2], [2, 0], [2, 1], [1, 2], "Draw"]
[["Player 1", "Computer"], [2, 0], [1, 1], [0, 0], [1, 0], [1, 2], [0, 1], [2, 1], [2, 2], [0, 2], "Draw"]
[["Player 1", "Computer"], [1, 0], [0, 0], [0, 1], [1, 1], [2, 2], [0, 2], [2, 0], [2, 1], [1, 2], "Draw"]
[["Player 1", "Computer"], [2, 0], [1, 1], [0, 0], [1, 0], [1, 2], [0, 1], [2, 1], [2, 2], [0, 2], "Draw"]
[["Player 1", "Computer"], [2, 0], [1, 1], [0, 0], [1, 0], [1, 2], [0, 1], [2, 1], [2, 2], [0, 2], "Draw"]
[["Player 1", "Computer"], [2, 2], [1, 1], [0, 0], [0, 1], [2, 1], [2, 0], [0, 2], [1, 2], [1, 0], "Draw"]
[["Player 1", "Computer"], [0, 2], [1, 1], [0, 0], [0, 1], [2, 1], [1, 0], [1, 2], [2, 2], [2, 0], "Draw"]
[["Player 1", "Computer"], [2, 0], [1, 1], [0, 0], [1, 0], [1, 2], [0, 1], [2, 1], [2, 2], [0, 2], "Draw"]
[["Player 1", "Computer"], [1, 2], [0, 2], [0, 0], [1, 0], [0, 1], [1, 1], [2, 0], [2, 1], [2, 2], "Draw"]
[["Player 1", "Computer"], [2, 1], [0, 1], [0, 0], [2, 0], [0, 2], [1, 1], [1, 0], [1, 2], [2, 2], "Draw"]
[["Player 1", "Computer"], [0, 1], [0, 0], [1, 0], [1, 1], [2, 2], [0, 2], [2, 0], [2, 1], [1, 2], "Draw"]
[["Player 1", "Computer"], [1, 0], [0, 0], [0, 1], [1, 1], [2, 2], [0, 2], [2, 0], [2, 1], [1, 2], "Draw"]
[["Player 1", "Computer"], [2, 0], [1, 1], [0, 0], [1, 0], [1, 2], [0, 1], [2, 1], [2, 2], [0, 2], "Draw"]
[["Player 1", "Computer"], [0, 1], [0, 0], [1, 0], [1, 1], [2, 2], [0, 2], [2, 0], [2, 1], [1, 2], "Draw"]
[["Player 1", "Computer"], [2, 1], [0, 1], [0, 0], [2, 0], [0, 2], [1, 1], [1, 0], [1, 2], [2, 2], "Draw"]
[["Player 1", "Computer"], [2, 1], [1, 0], [1, 1], [2, 2], [0, 1], "Player 1"]
[["Player 1", "Computer"], [2, 2], [1, 1], [0, 0], [0, 1], [2, 1], [2, 0], [0, 2], [1, 2], [1, 0], "Draw"]
[["Player 1", "Computer"], [2, 0], [1, 1], [0, 0], [1, 0], [1, 2], [0, 1], [2, 1], [2, 2], [0, 2], "Draw"]
[["Player 1", "Computer"], [0, 2], [1, 1], [0, 0], [0, 1], [2, 1], [1, 0], [1, 2], [2, 2], [2, 0], "Draw"]
[["Player 1", "Computer"], [0, 0], [1, 1], [0, 1], [0, 2], [2, 0], [1, 0], [1, 2], [2, 1], [2, 2], "Draw"]
[["Player 1", "Computer"], [0, 2], [1, 1], [0, 0], [0, 1], [2, 1], [1, 0], [1, 2], [2, 2], [2, 0], "Draw"]
[["Player 1", "Computer"], [1, 1], [0, 0], [0, 1], [2, 1], [0, 2], [2, 0], [1, 0], [2, 2], "Computer"]
[["Player 1", "Computer"], [1, 1], [0, 0], [0, 1], [2, 1], [1, 0], [1, 2], [2, 0], [0, 2], [2, 2], "Draw"]
[["Player 1", "Computer"], [0, 1], [0, 0], [1, 0], [1, 1], [2, 2], [0, 2], [2, 0], [2, 1], [1, 2], "Draw"]
[["Player 1", "Computer"], [1, 1], [0, 0], [2, 2], [0, 2], [0, 1], [2, 1], [1, 0], [1, 2], [2, 0], "Draw"]
[["Player 1", "Computer"], [2, 2], [1, 1], [0, 0], [0, 1], [2, 1], [2, 0], [1, 0], [0, 2], "Computer"]
[["Player 1", "Computer"], [0, 1], [0, 0], [1, 0], [1, 1], [2, 2], [0, 2], [2, 0], [2, 1], [1, 2], "Draw"]
[["Player 1", "Computer"], [1, 0], [0, 0], [0, 1], [1, 1], [2, 2], [0, 2], [2, 0], [2, 1], [1, 2], "Draw"]
[["Player 1", "Computer"], [0, 0], [1, 1], [0, 1], [0, 2], [2, 0], [1, 0], [1, 2], [2, 1], [2, 2], "Draw"]
[["Player 1", "Computer"], [2, 1], [0, 1], [0, 0], [2, 0], [0, 2], [1, 2], [1, 0], [1, 1], [2, 2], "Draw"]
[["Player 1", "Computer"], [1, 0], [0, 0], [0, 1], [1, 1], [2, 2], [0, 2], [2, 0], [2, 1], [1, 2], "Draw"]
[["Player 1", "Computer"], [2, 2], [1, 1], [0, 0], [0, 1], [2, 1], [2, 0], [0, 2], [1, 2], [1, 0], "Draw"]
[["Player 1", "Computer"], [0, 1], [0, 0], [1, 0], [1, 1], [2, 2], [1, 2], [0, 2], [2, 0], [2, 1], "Draw"]
[["Player 1", "Computer"], [0, 2], [1, 1], [0, 0], [0, 1], [2, 1], [1, 0], [1, 2], [2, 2], [2, 0], "Draw"]
[["Player 1", "Computer"], [2, 2], [1, 1], [0, 0], [0, 1], [2, 1], [2, 0], [0, 2], [1, 2], [1, 0], "Draw"]
[["Player 1", "Computer"], [0, 1], [0, 0], [1, 0], [1, 1], [2, 2], [0, 2], [2, 0], [2, 1], [1, 2], "Draw"]
[["Player 1", "Computer"], [0, 2], [1, 1], [0, 0], [0, 1], [2, 1], [1, 0], [1, 2], [2, 2], [2, 0], "Draw"]
[["Player 1", "Computer"], [0, 1], [0, 0], [1, 0], [1, 1], [2, 2], [0, 2], [2, 0], [2, 1], [1, 2], "Draw"]
[["Player 1", "Computer"], [1, 2], [0, 2], [0, 0], [1, 0], [0, 1], [1, 1], [2, 0], [2, 1], [2, 2], "Draw"]
[["Player 1", "Computer"], [2, 2], [1, 1], [0, 0], [0, 1], [2, 1], [2, 0], [1, 0], [0, 2], "Computer"]
[["Player 1", "Computer"], [0, 2], [1, 1], [0, 0], [0, 1], [2, 1], [1, 0], [1, 2], [2, 2], [2, 0], "Draw"]
[["Player 1", "Computer"], [0, 1], [0, 0], [1, 0], [1, 1], [2, 2], [0, 2], [2, 0], [2, 1], [1, 2], "Draw"]
[["Player 1", "Computer"], [2, 0], [1, 1], [0, 0], [1, 0], [1, 2], [0, 1], [2, 1], [2, 2], [0, 2], "Draw"]
[["Player 1", "Computer"], [0, 0], [1, 1], [0, 1], [0, 2], [2, 0], [1, 0], [1, 2], [2, 1], [2, 2], "Draw"]
[["Player 1", "Computer"], [2, 1], [2, 2], [0, 0], [0, 1], [0, 2], [1, 0], [1, 1], [2, 0], [1, 2], "Draw"]
[["Player 1", "Computer"], [1, 0], [0, 0], [0, 1], [1, 1], [2, 2], [0, 2], [2, 0], [2, 1], [1, 2], "Draw"]
[["Player 1", "Computer"], [1, 1], [0, 0], [0, 1], [2, 1], [1, 0], [1, 2], [0, 2], [2, 0], [2, 2], "Draw"]
[["Player 1", "Computer"], [1, 0], [0, 0], [0, 1], [1, 1], [2, 2], [0, 2], [2, 0], [1, 2], [2, 1], "Player 1"]
[["Player 1", "Computer"], [1, 1], [0, 0], [0, 1], [2, 1], [1, 0], [1, 2], [0, 2], [2, 0], [2, 2], "Draw"]
[["Player 1", "Computer"], [2, 2], [1, 1], [0, 0], [0, 1], [2, 1], [2, 0], [0, 2], [1, 2], [1, 0], "Draw"]
[["Player 1", "Computer"], [1, 0], [0, 0], [0, 1], [1, 1], [1, 2], [0, 2], [2, 0], [2, 2], "Computer"]
[["Player 1", "Computer"], [0, 1], [0, 0], [1, 0], [1, 1], [1, 2], [0, 2], [2, 0], [2, 2], "Computer"]
[["Player 1", "Computer"], [0, 2], [1, 1], [0, 0], [0, 1], [2, 1], [2, 0], [1, 0], [1, 2], [2, 2], "Draw"]
[["Player 1", "Computer"], [0, 0], [1, 1], [0, 1], [0, 2], [2, 0], [1, 0], [1, 2], [2, 1], [2, 2], "Draw"]
[["Player 1", "Computer"], [1, 2], [0, 2], [0, 0], [1, 0], [0, 1], [1, 1], [2, 0], [2, 1], [2, 2], "Draw"]
[["Player 1", "Computer"], [2, 1], [0, 1], [0, 0], [2, 0], [0, 2], [1, 1], [1, 0], [1, 2], [2, 2], "Draw"]
[["Player 1", "Computer"], [2, 2], [1, 1], [0, 0], [0, 1], [2, 1], [2, 0], [0, 2], [1, 2], [1, 0], "Draw"]
[["Player 1", "Computer"], [2, 2], [1, 1], [0, 0], [0, 1], [2, 1], [1, 2], [2, 0], "Player 1"]
[["Player 1", "Computer"], [0, 0], [1, 1], [0, 1], [0, 2], [2, 0], [1, 0], [1, 2], [2, 1], [2, 2], "Draw"]
[["Player 1", "Computer"], [2, 1], [0, 1], [0, 0], [2, 0], [0, 2], [1, 1], [1, 0], [1, 2], [2, 2], "Draw"]
[["Player 1", "Computer"], [1, 2], [0, 2], [0, 0], [1, 0], [0, 1], [1, 1], [2, 0], [2, 1], [2, 2], "Draw"]
[["Player 1", "Computer"], [0, 1], [0, 0], [1, 0], [1, 1], [2, 2], [0, 2], [2, 0], [2, 1], [1, 2], "Draw"]
[["Player 1", "Computer"], [1, 0], [0, 0], [0, 1], [1, 1], [2, 2], [0, 2], [2, 0], [2, 1], [1, 2], "Draw"]
[["Player 1", "Computer"], [1, 0], [0, 0], [1, 1], [1, 2], [0, 1], [2, 2], [0, 2], [2, 0], [2, 1], "Player 1"]
[["Player 1", "Computer"], [0, 2], [1, 1], [0, 0], [0, 1], [2, 1], [1, 0], [1, 2], [2, 2], [2, 0], "Draw"]
[["Player 1", "Computer"], [1, 1], [0, 0], [0, 1], [2, 1], [1, 0], [1, 2], [0, 2], [2, 0], [2, 2], "Draw"]
[["Player 1", "Computer"], [0, 0], [1, 1], [0, 1], [0, 2], [2, 0], [1, 2], [1, 0], "Player 1"]
[["Player 1", "Computer"], [1, 1], [0, 0], [0, 1], [2, 1], [1, 0], [1, 2], [0, 2], [2, 0], [2, 2], "Draw"]
[["Player 1", "Computer"], [1, 1], [0, 0], [0, 1], [2, 1], [1, 0], [0, 2], [1, 2], "Player 1"]
[["Player 1", "Computer"], [2, 0], [1, 1], [0, 0], [1, 0], [1, 2], [0, 1], [2, 1], [2, 2], [0, 2], "Draw"]
[["Player 1", "Computer"], [1, 0], [0, 0], [0, 1], [1, 1], [2, 2], [0, 2], [2, 0], [2, 1], [1, 2], "Draw"]
[["Player 1", "Computer"], [0, 0], [1, 1], [0, 1], [0, 2], [2, 0], [1, 0], [1, 2], [2, 1], [2, 2], "Draw"]
[["Player 1", "Computer"], [1, 1], [0, 0], [0, 1], [2, 1], [1, 0], [1, 2], [0, 2], [2, 0], [2, 2], "Draw"]
[["Player 1", "Computer"], [1, 0], [0, 0], [1, 1], [1, 2], [0, 1], [2, 1], [0, 2], [2, 0], [2, 2], "Draw"]
[["Player 1", "Computer"], [2, 2], [1, 1], [0, 0], [0, 1], [2, 1], [2, 0], [0, 2], [1, 2], [1, 0], "Draw"]
[["Player 1", "Computer"], [0, 2], [1, 1], [0, 0], [0, 1], [2, 1], [1, 0], [1, 2], [2, 2], [2, 0], "Draw"]
[["Player 1", "Computer"], [1, 2], [0, 2], [0, 0], [1, 0], [0, 1], [1, 1], [2, 0], [2, 1], [2, 2], "Draw"]
[["Player 1", "Computer"], [2, 2], [1, 1], [0, 0], [0, 1], [2, 1], [2, 0], [0, 2], [1, 2], [1, 0], "Draw"]
[["Player 1", "Computer"], [0, 0], [1, 1], [0, 1], [0, 2], [2, 0], [1, 0], [2, 1], [1, 2], "Computer"]
[["Player 1", "Computer"], [2, 0], [1, 1], [0, 2], [0, 1], [2, 1], [2, 2], [0, 0], [1, 0], [1, 2], "Draw"]
[["Player 1", "Computer"], [2, 2], [1, 1], [0, 0], [0, 1], [2, 1], [2, 0], [0, 2], [1, 2], [1, 0], "Draw"]
[["Player 1", "Computer"], [1, 2], [0, 2], [0, 0], [1, 0], [0, 1], [1, 1], [2, 0], [2, 1], [2, 2], "Draw"]
[["Player 1", "Computer"], [2, 2], [1, 1], [0, 0], [0, 1], [2, 1], [2, 0], [0, 2], [1, 2], [1, 0], "Draw"]
[["Player 1", "Computer"], [0, 1], [1, 1], [0, 2], [2, 1], [2, 2], [1, 2], [1, 0], [2, 0], [0, 0], "Computer"]
[["Player 1", "Computer"], [2, 1], [0, 0], [1, 2], [2, 2], [1, 1], [1, 0], [0, 2], [2, 0], "Computer"]
[["Player 1", "Computer"], [2, 2], [1, 2], [1, 1], [1, 0], [0, 0], "Computer"]
[["Player 1", "Computer"], [0, 0], [1, 1], [2, 2], [0, 1], [0, 2], [1, 2], [2, 0], [1, 0], "Player 1"]
[["Player 1", "Computer"], [1, 1], [2, 0], [0, 0], [1, 0], [0, 1], [2, 1], [0, 2], "Computer"]
[["Player 1", "Computer"], [2, 2], [1, 1], [0, 0], [0, 1], [2, 1], [2, 0], [0, 2], [1, 2], [1, 0], "Draw"]
[["Player 1", "Computer"], [0, 2], [1, 1], [0, 0], [0, 1], [2, 1], [1, 0], [1, 2], [2, 2], [2, 0], "Draw"]
[["Player 1", "Computer"], [2, 1], [0, 1], [0, 0], [2, 0], [0, 2], [1, 1], [1, 0], [1, 2], [2, 2], "Draw"]
[["Player 1", "Computer"], [1, 2], [0, 2], [0, 0], [1, 0], [0, 1], [1, 1], [2, 0], [2, 1], [2, 2], "Draw"]
[["Player 1", "Computer"], [2, 0], [1, 1], [0, 0], [1, 0], [1, 2], [0, 1], [2, 1], [2, 2], [0, 2], "Draw"]
[["Player 1", "Computer"], [2, 0], [1, 1], [0, 0], [1, 0], [1, 2], [0, 1], [2, 1], [2, 2], [0, 2], "Draw"]
[["Player 1", "Computer"], [1, 2], [0, 2], [0, 0], [1, 0], [0, 1], [1, 1], [2, 0], [2, 1], [2, 2], "Draw"]
[["Player 1", "Computer"], [1, 2], [0, 2], [0, 0], [1, 0], [0, 1], [1, 1], [2, 0], [2, 1], [2, 2], "Draw"]
[["Player 1", "Computer"], [2, 0], [1, 1], [0, 0], [1, 0], [1, 2], [0, 1], [2, 1], [2, 2], [0, 2], "Draw"]
[["Player 1", "Computer"], [2, 2], [1, 1], [0, 0], [0, 1], [2, 1], [2, 0], [0, 2], [1, 2], [1, 0], "Draw"]
[["Player 1", "Computer"], [2, 1], [0, 1], [0, 0], [2, 0], [0, 2], [1, 1], [1, 0], [1, 2], [2, 2], "Draw"]
[["Player 1: X", "Computer: O"], [0, 0], [1, 1], [1, 0], [2, 0], [0, 2], [0, 1], [2, 1], [1, 2], [2, 2], "Draw"]
[["\e: X", "Computer: O"], [0, 2], [1, 1], [0, 0], [0, 1], [2, 1], [1, 0], [1, 2], [2, 2], [2, 0], "Draw"]
[["\e: X", "Computer: O"], [2, 2], [1, 1], [0, 0], [0, 1], [2, 1], [2, 0], [0, 2], [1, 2], [1, 0], "Draw"]
[["\e: O", "Computer: X"], [0, 0], [1, 1], [0, 1], [0, 2], [2, 0], [1, 0], [1, 2], [2, 1], [2, 2], "Draw"]
[["\e: X", "Computer: O"], [0, 2], [1, 1], [0, 0], [0, 1], [2, 1], [1, 0], [1, 2], [2, 2], [2, 0], "Draw"]
[["\e: X", "Computer: O"], [0, 2], [1, 1], [0, 0], [0, 1], [2, 1], [2, 0], [1, 0], [1, 2], [2, 2], "Draw"]
[["\e: O", "Computer: X"], [1, 1], [0, 0], [0, 1], [2, 1], [1, 0], [1, 2], [0, 2], [2, 0], [2, 2], "Draw"]
[["\e: O", "Computer: X"], [1, 1], [0, 0], [0, 1], [2, 1], [1, 0], [1, 2], [0, 2], [2, 0], [2, 2], "Draw"]
[["\e: O", "Computer: X"], [0, 1], [0, 0], [1, 0], [1, 1], [2, 2], [0, 2], [2, 0], [2, 1], [1, 2], "Draw"]
[["\e: O", "Computer: X"], [1, 0], [0, 0], [0, 1], [1, 1], [2, 2], [0, 2], [2, 0], [2, 1], [1, 2], "Draw"]
[["\e: X", "Computer: O"], [2, 0], [1, 1], [0, 0], [1, 0], [1, 2], [0, 1], [2, 1], [2, 2], [0, 2], "Draw"]
[["\e: O", "Computer: X"], [1, 2], [0, 2], [0, 0], [1, 0], [0, 1], [1, 1], [2, 0], [2, 1], [2, 2], "Draw"]
[["\e: X", "Computer: O"], [0, 0], [1, 1], [0, 1], [0, 2], [2, 0], [1, 0], [1, 2], [2, 1], [2, 2], "Draw"]
[["\e: X", "Computer: O"], [2, 0], [1, 1], [0, 0], [1, 0], [1, 2], [0, 1], [2, 1], [2, 2], [0, 2], "Draw"]
[["\e: O", "Computer: X"], [2, 1], [0, 1], [0, 0], [2, 0], [0, 2], [1, 1], [1, 0], [1, 2], [2, 2], "Draw"]
[["\e: O", "Computer: X"], [0, 1], [0, 0], [1, 0], [1, 1], [2, 2], [0, 2], [2, 0], [2, 1], [1, 2], "Draw"]
[["\e: O", "Computer: X"], [2, 0], [1, 1], [0, 0], [1, 0], [1, 2], [2, 2], [0, 1], [0, 2], [2, 1], "Draw"]
[["\e: X", "Computer: O"], [1, 1], [0, 0], [0, 1], [2, 1], [1, 0], [1, 2], [0, 2], [2, 2], [2, 0], "\e"]
[["\e: O", "Computer: X"], [1, 2], [0, 2], [0, 0], [1, 0], [0, 1], [1, 1], [2, 0], [2, 1], [2, 2], "Draw"]
[["\e: X", "Computer: O"], [0, 1], [0, 0], [1, 0], [1, 1], [2, 2], [0, 2], [2, 0], [2, 1], [1, 2], "Draw"]
[["\e: X", "Computer: O"], [1, 2], [0, 2], [0, 0], [1, 0], [0, 1], [1, 1], [2, 0], [2, 1], [2, 2], "Draw"]
[["Player 1: O", "Computer: X"], [2, 1], [0, 1], [1, 0], [2, 0], [0, 0], [1, 1], [0, 2], [1, 2], [2, 2], "Draw"]
[["Player 1: X", "Computer: O"], [2, 0], [1, 1], [0, 0], [1, 0], [2, 1], [1, 2], "Computer: O"]
[["Player 1: O", "Computer: X"], [1, 0], [0, 0], [0, 1], [1, 1], [2, 2], [0, 2], [2, 0], [2, 1], [1, 2], "Draw"]
[["Player 1: O", "Computer: X"], [2, 0], [1, 1], [0, 0], [1, 0], [1, 2], [0, 1], [2, 1], [2, 2], [0, 2], "Draw"]
[["Player 1: X", "Computer: O"], [0, 1], [0, 0], [1, 0], [1, 1], [2, 2], [0, 2], [2, 0], [2, 1], [1, 2], "Draw"]
[["Player 1: O", "Computer: X"], [0, 2], [1, 1], [0, 0], [0, 1], [2, 1], [1, 0], [1, 2], [2, 2], [2, 0], "Draw"]
[["Player 1: X", "Computer: O"], [1, 2], [0, 2], [0, 0], [1, 0], [0, 1], [1, 1], [2, 0], [2, 1], [2, 2], "Draw"]
[["Player 1: O", "Computer: X"], [1, 0], [0, 0], [0, 1], [1, 1], [2, 2], [0, 2], [2, 0], [2, 1], [1, 2], "Draw"]
[["Player 1: O", "Computer: X"], [1, 2], [0, 2], [0, 0], [0, 1], [1, 0], [1, 1], [2, 0], "Computer: X"]
[["Player 1: X", "Computer: O"], [1, 2], [0, 2], [0, 0], [1, 0], [0, 1], [1, 1], [2, 0], [2, 1], [2, 2], "Draw"]
[["Player 1: O", "Computer: X"], [2, 1], [0, 1], [0, 0], [2, 0], [0, 2], [1, 1], [1, 0], [1, 2], [2, 2], "Draw"]
[["Player 1: O", "Computer: X"], [2, 0], [1, 1], [0, 0], [1, 0], [1, 2], [0, 1], [2, 1], [2, 2], [0, 2], "Draw"]
[["Player 1: X", "Computer: O"], [1, 2], [0, 2], [0, 0], [1, 0], [0, 1], [1, 1], [2, 0], [2, 1], [2, 2], "Draw"]
[["Player 1: X", "Computer: O"], [0, 0], [1, 1], [0, 1], [0, 2], [2, 0], [2, 2], [1, 0], "Player 1: X"]
[["Player 1: O", "Computer: X"], [2, 0], [1, 1], [0, 0], [1, 0], [1, 2], [0, 1], [2, 1], [2, 2], [0, 2], "Draw"]
[["Player 1: X", "Computer: O"], [0, 2], [1, 1], [0, 0], [0, 1], [2, 1], [1, 0], [1, 2], [2, 2], [2, 0], "Draw"]
[["Player 1: O", "Computer: X"], [2, 0], [1, 1], [0, 0], [1, 0], [1, 2], [0, 1], [2, 1], [2, 2], [0, 2], "Draw"]
[["Player 1: O", "Computer: X"], [2, 2], [1, 1], [0, 0], [0, 1], [2, 1], [2, 0], [0, 2], [1, 2], [1, 0], "Draw"]
[["Player 1: O", "Computer: X"], [0, 1], [0, 0], [1, 0], [1, 1], [2, 2], [0, 2], [2, 0], [2, 1], [1, 2], "Draw"]
[["Player 1: X", "Computer: O"], [0, 0], [1, 1], [0, 1], [0, 2], [2, 0], [1, 0], [1, 2], [2, 1], [2, 2], "Draw"]
[["Player 1: X", "Computer: O"], [2, 1], [0, 1], [0, 0], [2, 0], [0, 2], [2, 2], [1, 2], [1, 0], [1, 1], "Draw"]
[["Player 1: X", "Computer: O"], [0, 1], [0, 0], [1, 0], [1, 1], [2, 2], [0, 2], [2, 0], [2, 1], [1, 2], "Draw"]
[["Player 1: X", "Computer: O"], [0, 0], [1, 1], [0, 1], [0, 2], [2, 0], [1, 0], [1, 2], [2, 1], [2, 2], "Draw"]
[["Player 1: X", "Computer: O"], [0, 1], [2, 1], [0, 0], [0, 2], [2, 0], [1, 0], [1, 1], [2, 2], [1, 2], "Draw"]
[["Player 1: X", "Computer: O"], [1, 2], [0, 2], [0, 0], [1, 0], [0, 1], [1, 1], [2, 0], [2, 1], [2, 2], "Draw"]
[["Player 1: O", "Computer: X"], [2, 2], [1, 1], [0, 0], [2, 0], [0, 2], [0, 1], [1, 2], "Computer: X"]
[["Player 1: O", "Computer: X"], [1, 1], [0, 0], [2, 0], [0, 2], [0, 1], [2, 1], [1, 0], [1, 2], [2, 2], "Draw"]
[["Player 1: O", "Computer: X"], [1, 1], [0, 0], [0, 1], [2, 1], [1, 0], [1, 2], [0, 2], [2, 0], [2, 2], "Draw"]
[["Player 1: X", "Computer: O"], [1, 1], [0, 0], [0, 1], [2, 1], [1, 0], [1, 2], [0, 2], [2, 0], [2, 2], "Draw"]
[[0, 0], [1, 1], [0, 2], [0, 1], [2, 1], [1, 0], [1, 2], [2, 2], [2, 0], "Draw"]
{:players=>[], "Moves"=>[[0, 0], [1, 1], [1, 0], [2, 0], [2, 2], [0, 1], [2, 1], [0, 2], "Computer: O"], "Winner"=>nil, "p"=>#<Player:0x000055aca9d6b0b8 @name="Player 1", @val=1, @str="X">, "l"=>#<Player:0x000055aca9d6b040 @name="Computer", @val=0, @str="O">}
{:players=>[], "Moves"=>[[0, 0], [1, 1], [2, 0], [1, 0], [2, 1], [1, 2], "Computer: O"], "Winner"=>nil, "p"=>#<Player:0x000055aca9dd2fb0 @name="Player 1", @val=1, @str="X">, "l"=>#<Player:0x000055aca9dd2f38 @name="Computer", @val=0, @str="O">}
{:Players=>[], "Moves"=>[[0, 1], [0, 0], [1, 0], [0, 2], [1, 1], [2, 1], [1, 2]], "Winner"=>"Computer: X", "Players"=>["Player 1: O", "Computer: X"]}
{"Players"=>["Player 1: X", "Computer: O"], "Moves"=>[[0, 0], [1, 1], [1, 2], [0, 1], [1, 0], [2, 0], [2, 2], [0, 2]], "Winner"=>"Computer: O"}{:Players=>["Player 1: O", "Computer: X"], :Moves=>[[1, 1], [0, 0], [0, 1], [2, 1], [1, 0], [2, 2], [1, 2]], :Winner=>"Computer: X"}
{:Players=>["Computer: X", "Player 1: O"], :Moves=>[[1, 0], [2, 0], [0, 2], [0, 0], [1, 2], [1, 1], [2, 2]], :Winner=>"Computer: X"}
{:Players=>["Player 1: X", "Computer: O"], :Moves=>[[2, 2], [1, 1], [1, 2], [0, 2], [2, 0], [0, 0], [2, 1]], :Winner=>"Player 1: X"}
{:Players=>["Player 1: X", "Computer: O"], :Moves=>[[1, 2], [0, 2], [0, 0], [1, 0], [0, 1], [1, 1], [2, 0], [2, 1], [2, 2]], :Winner=>"Draw"}
{:Players=>["Computer: X", "Player 1: O"], :Moves=>[[1, 1], [0, 0], [0, 1], [2, 1], [1, 0], [1, 2], [0, 2], [2, 0], [2, 2]], :Winner=>"Draw"}
{:Players=>["Computer: X", "Player 1: O"], :Moves=>[[0, 1], [0, 0], [1, 0], [1, 1], [2, 2], [0, 2], [2, 0], [2, 1], [1, 2]], :Winner=>"Draw"}
{:Players=>["Player 1: X", "Computer: O"], :Moves=>[[2, 1], [0, 1], [0, 0], [2, 0], [0, 2], [1, 1], [1, 0], [1, 2], [2, 2]], :Winner=>"Draw"}
{:Players=>["Computer: X", "Player 1: O"], :Moves=>[[1, 1], [0, 0], [0, 1], [2, 1], [1, 0], [1, 2], [0, 2], [2, 0], [2, 2]], :Winner=>"Draw"}
{:Players=>["Computer: X", "Player 1: O"], :Moves=>[[1, 2], [0, 2], [0, 0], [1, 0], [0, 1], [1, 1], [2, 0], [2, 1], [2, 2]], :Winner=>"Draw"}
{:Players=>["Player 1: X", "Computer: O"], :Moves=>[[0, 1], [0, 0], [1, 0], [1, 1], [2, 2], [0, 2], [2, 0], [2, 1], [1, 2]], :Winner=>"Draw"}
{:Players=>["Computer: X", "Player 1: O"], :Moves=>[[2, 2], [1, 1], [0, 0], [0, 1], [2, 1], [2, 0], [0, 2], [1, 2], [1, 0]], :Winner=>"Draw"}
{:Players=>["Player 1: X", "Computer: O"], :Moves=>[[2, 0], [1, 1], [0, 0], [1, 0], [2, 1], [1, 2]], :Winner=>"Computer: O"}
{:Players=>["Computer: X", "Player 1: O"], :Moves=>[[0, 1], [0, 0], [1, 0], [1, 1], [2, 2], [0, 2], [2, 0], [2, 1], [1, 2]], :Winner=>"Draw"}
{:Players=>["Player 1: X", "Computer: O"], :Moves=>[[0, 2], [1, 1], [0, 0], [0, 1], [2, 1], [1, 0], [1, 2], [2, 2], [2, 0]], :Winner=>"Draw"}
{:Players=>["Player 1: X", "Computer: O"], :Moves=>[[1, 0], [0, 0], [0, 1], [1, 1], [2, 2], [0, 2], [2, 0], [2, 1], [1, 2]], :Winner=>"Draw"}
{:Players=>["Player 1: X", "Computer: O"], :Moves=>[[0, 1], [0, 0], [1, 0], [1, 1], [2, 2], [0, 2], [2, 0], [2, 1], [1, 2]], :Winner=>"Draw"}
{:Players=>["Player 1: X", "Computer: O"], :Moves=>[[1, 2], [0, 2], [0, 0], [1, 0], [0, 1], [1, 1], [2, 0], [2, 1], [2, 2]], :Winner=>"Draw"}
{:Players=>["Player 1: X", "Computer: O"], :Moves=>[[2, 0], [1, 1], [0, 0], [1, 0], [1, 2], [0, 1], [2, 1], [2, 2], [0, 2]], :Winner=>"Draw"}
{:Players=>["Player 1: X", "Computer: O"], :Moves=>[[1, 1], [0, 0], [0, 2], [2, 0], [1, 0], [1, 2], [0, 1], [2, 1], [2, 2]], :Winner=>"Draw"}
{:Players=>["Player 1: X", "Computer: O"], :Moves=>[[1, 1], [0, 0], [0, 1], [2, 1], [1, 0], [1, 2], [0, 2], [2, 0], [2, 2]], :Winner=>"Draw"}
{:Players=>["Computer: X", "Player 1: O"], :Moves=>[[2, 1], [0, 1], [1, 2], [2, 0], [0, 0], [1, 1], [0, 2], [2, 2], [1, 0]], :Winner=>"Draw"}
{:Players=>["Computer: X", "Player 1: O"], :Moves=>[[0, 2], [1, 1], [0, 0], [0, 1], [2, 2], [1, 2], [1, 0], [2, 1]], :Winner=>"Player 1: O"}
{:Players=>["Computer: X", "Punit: O"], :Moves=>[[2, 0], [1, 1], [0, 0], [1, 0], [1, 2], [0, 1], [2, 1], [2, 2], [0, 2]], :Winner=>"Draw"}
{:Players=>["Punit: X", "Computer: O"], :Moves=>[[1, 2], [0, 2], [0, 0], [1, 0], [0, 1], [1, 1], [2, 0], [2, 1], [2, 2]], :Winner=>"Draw"}
{:Players=>["Punit: X", "Computer: O"], :Moves=>[[2, 0], [1, 0], [1, 1], [0, 0], [0, 1], [0, 2], [2, 1]], :Winner=>"Punit: X"}
{:Players=>["Computer: X", "Punit: O"], :Moves=>[[1, 0], [0, 0], [0, 1], [1, 1], [2, 2], [0, 2], [2, 0], [2, 1], [1, 2]], :Winner=>"Draw"}
{:Players=>["Computer: X", "Punit: O"], :Moves=>[[2, 0], [1, 1], [0, 0], [1, 0], [1, 2], [0, 1], [2, 1], [2, 2], [0, 2]], :Winner=>"Draw"}
{:Players=>["Punit: X", "Computer: O"], :Moves=>[[0, 0], [1, 1], [0, 1], [0, 2], [2, 0], [1, 0], [1, 2], [2, 1], [2, 2]], :Winner=>"Draw"}
{:Players=>["Computer: X", "Punit: O"], :Moves=>[[0, 2], [1, 1], [0, 0], [0, 1], [2, 1], [1, 0], [1, 2], [2, 2], [2, 0]], :Winner=>"Draw"}
{:Players=>["Computer: X", "Punit: O"], :Moves=>[[1, 1], [0, 0], [0, 1], [2, 1], [1, 0], [1, 2], [0, 2], [2, 0], [2, 2]], :Winner=>"Draw"}
{:Players=>["Computer: X", "Punit: O"], :Moves=>[[2, 2], [1, 1], [0, 0], [0, 1], [2, 1], [1, 0], [1, 2], [0, 2], [2, 0]], :Winner=>"Computer: X"}
{:Players=>["Punit: X", "Computer: O"], :Moves=>[[2, 2], [1, 1], [0, 0], [0, 1], [2, 1], [2, 0], [0, 2], [1, 2], [1, 0]], :Winner=>"Draw"}
{:Players=>["Computer: X", "Punit: O"], :Moves=>[[0, 1], [0, 0], [1, 0], [1, 1], [2, 2], [0, 2], [2, 0], [2, 1], [1, 2]], :Winner=>"Draw"}
{:Players=>["Punit: X", "Computer: O"], :Moves=>[[2, 2], [1, 1], [0, 0], [0, 1], [2, 1], [2, 0], [0, 2], [1, 2], [1, 0]], :Winner=>"Draw"}
{:Players=>["Computer: X", "Punit: O"], :Moves=>[[1, 2], [0, 2], [0, 0], [1, 0], [0, 1], [1, 1], [2, 0], [2, 1], [2, 2]], :Winner=>"Draw"}
{:Players=>["Computer: X", "Punit: O"], :Moves=>[[2, 0], [1, 1], [0, 0], [1, 0], [1, 2], [0, 1], [2, 1], [2, 2], [0, 2]], :Winner=>"Draw"}
{:Players=>["Punit: X", "Computer: O"], :Moves=>[[0, 0], [1, 1], [0, 1], [0, 2], [2, 0], [1, 0], [1, 2], [2, 1], [2, 2]], :Winner=>"Draw"}
{:Players=>["Computer: X", "Punit: O"], :Moves=>[[2, 0], [1, 1], [0, 0], [1, 0], [1, 2], [0, 1], [2, 1], [2, 2], [0, 2]], :Winner=>"Draw"}
{:Players=>["Punit: X", "Computer: O"], :Moves=>[[0, 1], [0, 0], [1, 0], [1, 1], [2, 2], [0, 2], [2, 0], [2, 1], [1, 2]], :Winner=>"Draw"}
{:Players=>["Punit: X", "Computer: O"], :Moves=>[[2, 2], [1, 1], [0, 0], [0, 1], [2, 1], [2, 0], [0, 2], [1, 2], [1, 0]], :Winner=>"Draw"}
{:Players=>["Punit: X", "Computer: O"], :Moves=>[[0, 2], [1, 1], [0, 0], [0, 1], [2, 1], [1, 0], [1, 2], [2, 2], [2, 0]], :Winner=>"Draw"}
{:Players=>["Punit: X", "Computer: O"], :Moves=>[[2, 0], [1, 1], [0, 0], [1, 0], [1, 2], [0, 1], [2, 1], [2, 2], [0, 2]], :Winner=>"Draw"}
{:Players=>["Computer: X", "Puni: O"], :Moves=>[[0, 2], [2, 1], [2, 2], [1, 1], [1, 2]], :Winner=>"Computer: X"}
{:Players=>["Puni: X", "Computer: O"], :Moves=>[[2, 0], [0, 0], [1, 1], [2, 2], [0, 1], [1, 2], [1, 0], [0, 2]], :Winner=>"Computer: O"}
{:Players=>["Computer: X", "Puni: O"], :Moves=>[[2, 1], [1, 0], [2, 0], [2, 2], [1, 2], [0, 1], [0, 2], [0, 0], [1, 1]], :Winner=>"Computer: X"}
{:Players=>["Computer: X", "Puni: O"], :Moves=>[[1, 2], [0, 1], [1, 1], [0, 2], [0, 0], [2, 1], [2, 0], [2, 2], [1, 0]], :Winner=>"Computer: X"}
{:Players=>["Puni: X", "Computer: O"], :Moves=>[[1, 1], [2, 0], [1, 2], [2, 1], [2, 2], [1, 0], [0, 2]], :Winner=>"Puni: X"}
{:Players=>["Puni: X", "Computer: O"], :Moves=>[[0, 1], [1, 1], [2, 1], [2, 0], [0, 0], [0, 2]], :Winner=>"Computer: O"}
{:Players=>["Puni: X", "Computer: O"], :Moves=>[[0, 2], [2, 1], [1, 2], [2, 0], [0, 0], [1, 1], [2, 2]], :Winner=>"Puni: X"}
{:Players=>["Computer: X", "Puni: O"], :Moves=>[[2, 2], [0, 0], [0, 1], [2, 0], [1, 1], [2, 1], [0, 2], [1, 0]], :Winner=>"Puni: O"}
{:Players=>["Puni: X", "Computer: O"], :Moves=>[[1, 0], [1, 1], [2, 1], [0, 0], [2, 0], [2, 2]], :Winner=>"Computer: O"}
{:Players=>["Computer: X", "Puni: O"], :Moves=>[[1, 2], [2, 2], [0, 2], [1, 0], [0, 1], [2, 1], [0, 0]], :Winner=>"Computer: X"}
{:Players=>["Pu: X", "Computer: O"], :Moves=>[[1, 2], [2, 2], [1, 1], [2, 0], [0, 1], [2, 1]], :Winner=>"Computer: O"}
{:Players=>["Pu: X", "Computer: O"], :Moves=>[[2, 0], [1, 0], [2, 1], [0, 1], [0, 0], [1, 2], [1, 1], [0, 2], [2, 2]], :Winner=>"Pu: X"}
{:Players=>["Computer: X", "Pu: O"], :Moves=>[[1, 1], [1, 2], [2, 0], [0, 1], [1, 0], [0, 2], [2, 2], [2, 1], [0, 0]], :Winner=>"Computer: X"}
{:Players=>["Computer: X", "Pu: O"], :Moves=>[[0, 1], [1, 2], [0, 0], [1, 0], [2, 1], [2, 2], [1, 1]], :Winner=>"Computer: X"}
{:Players=>["Pu: X", "Computer: O"], :Moves=>[[0, 0], [2, 0], [0, 2], [0, 1], [1, 1], [1, 0], [2, 1], [1, 2], [2, 2]], :Winner=>"Pu: X"}
{:Players=>["Pu: X", "Computer: O"], :Moves=>[[0, 2], [0, 1], [1, 1], [2, 2], [2, 0]], :Winner=>"Pu: X"}
{:Players=>["Pu: X", "Computer: O"], :Moves=>[[1, 0], [0, 0], [0, 2], [2, 2], [1, 2], [0, 1], [2, 1], [2, 0], [1, 1]], :Winner=>"Pu: X"}
{:Players=>["Pu: X", "Computer: O"], :Moves=>[[1, 2], [2, 1], [1, 1], [1, 0], [2, 0], [0, 0], [0, 2]], :Winner=>"Pu: X"}
{:Players=>["Pu: X", "Computer: O"], :Moves=>[[1, 0], [2, 0], [0, 1], [0, 2], [2, 1], [0, 0], [1, 1]], :Winner=>"Pu: X"}
{:Players=>["Computer: X", "Pu: O"], :Moves=>[[0, 0], [2, 2], [0, 1], [1, 0], [0, 2]], :Winner=>"Computer: X"}
{:Players=>["Computer: X", "Pu: O"], :Moves=>[[0, 2], [1, 1], [0, 0], [0, 1], [2, 1], [1, 0], [1, 2], [2, 2], [2, 0]], :Winner=>"Draw"}
{:Players=>["Computer: X", "Player 1: O"], :Moves=>[[1, 1], [0, 0], [0, 1], [2, 1], [1, 0], [1, 2], [0, 2], [2, 0], [2, 2]], :Winner=>"Draw"}
{:Players=>["Computer: X", "Punit: O"], :Moves=>[[0, 2], [1, 1], [0, 0], [0, 1], [2, 1], [1, 0], [1, 2], [2, 2], [2, 0]], :Winner=>"Draw"}
{:Players=>["Punit: X", "Computer: O"], :Moves=>[[0, 0], [1, 1], [0, 1], [0, 2], [2, 1], [1, 0], [1, 2], [2, 0]], :Winner=>"Computer: O"}
{:Players=>["Computer: X", "Punit: O"], :Moves=>[[0, 2], [1, 1], [0, 0], [0, 1], [2, 1], [1, 0], [1, 2], [2, 2], [2, 0]], :Winner=>"Draw"}
{:Players=>["Punit: X", "Computer: O"], :Moves=>[[2, 2], [1, 1], [0, 0], [0, 1], [2, 1], [2, 0], [0, 2], [1, 2], [1, 0]], :Winner=>"Draw"}
{:Players=>["Punit: X", "Computer: O"], :Moves=>[[1, 1], [0, 0], [0, 1], [2, 1], [1, 0], [1, 2], [0, 2], [2, 0], [2, 2]], :Winner=>"Draw"}
{:Players=>["Computer: X", "Punit: O"], :Moves=>[[2, 0], [1, 1], [0, 0], [1, 0], [1, 2], [0, 1], [2, 1], [2, 2], [0, 2]], :Winner=>"Draw"}
{:Players=>["Computer: X", "Punit: O"], :Moves=>[[0, 1], [0, 0], [1, 0], [1, 1], [2, 2], [0, 2], [2, 0], [2, 1], [1, 2]], :Winner=>"Draw"}
{:Players=>["Computer: X", "Punit: O"], :Moves=>[[0, 0], [1, 1], [0, 1], [0, 2], [2, 0], [1, 0], [1, 2], [2, 1], [2, 2]], :Winner=>"Draw"}
{:Players=>["Computer: X", "Punit: O"], :Moves=>[[1, 1], [0, 0], [0, 1], [2, 1], [1, 0], [1, 2], [0, 2], [2, 0], [2, 2]], :Winner=>"Draw"}
{:Players=>["Punit: X", "Computer: O"], :Moves=>[[1, 2], [0, 2], [0, 0], [1, 0], [0, 1], [1, 1], [2, 0], [2, 1], [2, 2]], :Winner=>"Draw"}
{:Players=>["Computer: X", "Punit: O"], :Moves=>[[0, 2], [1, 1], [0, 0], [0, 1], [2, 1], [1, 0], [1, 2], [2, 2], [2, 0]], :Winner=>"Draw"}
{:Players=>["Computer: X", "Punit: O"], :Moves=>[[1, 1], [0, 0], [0, 1], [2, 1], [1, 0], [1, 2], [0, 2], [2, 0], [2, 2]], :Winner=>"Draw"}
{:Players=>["Computer: X", "Punit: O"], :Moves=>[[0, 0], [1, 1], [1, 2], [0, 1], [2, 1], [2, 0], [0, 2], [2, 2], [1, 0]], :Winner=>"Draw"}
{:Players=>["Computer: X", "Punit: O"], :Moves=>[[2, 0], [1, 1], [0, 0], [1, 0], [1, 2], [0, 1], [2, 1], [2, 2], [0, 2]], :Winner=>"Draw"}
{:Players=>["Punit: X", "Computer: O"], :Moves=>[[0, 0], [1, 1], [0, 1], [0, 2], [2, 0], [1, 0], [1, 2], [2, 1], [2, 2]], :Winner=>"Draw"}
{:Players=>["Punit: X", "Computer: O"], :Moves=>[[0, 1], [0, 0], [1, 0], [1, 1], [2, 2], [0, 2], [2, 0], [2, 1], [1, 2]], :Winner=>"Draw"}
{:Players=>["Computer: X", "Punit: O"], :Moves=>[[2, 0], [1, 1], [0, 0], [1, 0], [1, 2], [0, 1], [2, 1], [2, 2], [0, 2]], :Winner=>"Draw"}
{:Players=>["Punit: X", "Computer: O"], :Moves=>[[1, 1], [0, 0], [0, 1], [2, 1], [1, 0], [1, 2], [0, 2], [2, 0], [2, 2]], :Winner=>"Draw"}
{:Players=>["Punit: X", "Computer: O"], :Moves=>[[2, 2], [1, 1], [0, 0], [0, 1], [2, 1], [2, 0], [0, 2], [1, 2], [1, 0]], :Winner=>"Draw"}
{:Players=>["Computer: X", "Punit: O"], :Moves=>[[1, 0], [0, 0], [0, 1], [1, 1], [2, 2], [0, 2], [2, 0], [2, 1], [1, 2]], :Winner=>"Draw"}
{:Players=>["Punit: X", "Computer: O"], :Moves=>[[0, 2], [1, 1], [0, 0], [0, 1], [2, 1], [1, 0], [1, 2], [2, 2], [2, 0]], :Winner=>"Draw"}
{:Players=>["Computer: X", "Player 1: O"], :Moves=>[[0, 2], [1, 1], [0, 0], [0, 1], [2, 1], [1, 0], [1, 2], [2, 2], [2, 0]], :Winner=>"Draw"}
{:Players=>["Player 1: X", "Computer: O"], :Moves=>[[1, 1], [0, 0], [0, 1], [2, 1], [1, 0], [1, 2], [0, 2], [2, 0], [2, 2]], :Winner=>"Draw"}
{:Players=>["Computer: X", "Player 1: O"], :Moves=>[[1, 2], [0, 2], [0, 0], [1, 0], [0, 1], [1, 1], [2, 0], [2, 1], [2, 2]], :Winner=>"Draw"}
{:Players=>["Player 1: X", "Computer: O"], :Moves=>[[0, 1], [0, 0], [1, 0], [1, 1], [2, 2], [0, 2], [2, 0], [2, 1], [1, 2]], :Winner=>"Draw"}
{:Players=>["Computer: X", "Player 1: O"], :Moves=>[[2, 0], [1, 1], [0, 0], [1, 0], [1, 2], [0, 1], [2, 1], [2, 2], [0, 2]], :Winner=>"Draw"}
{:Players=>["Computer: X", "Player 1: O"], :Moves=>[[0, 1], [0, 0], [1, 0], [1, 1], [2, 2], [0, 2], [2, 0], [2, 1], [1, 2]], :Winner=>"Draw"}
{:Players=>["Player 1: X", "Computer: O"], :Moves=>[[0, 1], [0, 0], [1, 2], [2, 0], [1, 0], [1, 1], [2, 2], [0, 2]], :Winner=>"Computer: O"}
{:Players=>["Player 1: X", "Computer: O"], :Moves=>[[2, 0], [1, 1], [2, 1], [2, 2], [1, 0], [0, 0]], :Winner=>"Computer: O"}
{:Players=>["Player 1: X", "Computer: O"], :Moves=>[[0, 1], [0, 0], [1, 0], [1, 1], [2, 2], [0, 2], [2, 0], [2, 1], [1, 2]], :Winner=>"Draw"}
{:Players=>["Player 1: X", "Computer: O"], :Moves=>[[0, 0], [1, 1], [0, 1], [0, 2], [2, 0], [1, 0], [1, 2], [2, 1], [2, 2]], :Winner=>"Draw"}
{:Players=>["Player 1: X", "Computer: O"], :Moves=>[[0, 2], [1, 1], [0, 0], [0, 1], [2, 1], [1, 0], [1, 2], [2, 2], [2, 0]], :Winner=>"Draw"}
{:Players=>["Player 1: X", "Computer: O"], :Moves=>[[0, 1], [0, 0], [1, 0], [1, 1], [2, 2], [0, 2], [2, 0], [2, 1], [1, 2]], :Winner=>"Draw"}
{:Players=>["Player 1: X", "Computer: O"], :Moves=>[[1, 2], [0, 2], [0, 0], [1, 0], [0, 1], [1, 1], [2, 0], [2, 1], [2, 2]], :Winner=>"Draw"}
{:Players=>["Player 1: X", "Computer: O"], :Moves=>[[0, 0], [1, 1], [0, 1], [0, 2], [2, 0], [1, 0], [1, 2], [2, 1], [2, 2]], :Winner=>"Draw"}
{:Players=>["Player 1: X", "Computer: O"], :Moves=>[[1, 0], [0, 0], [0, 1], [1, 1], [2, 2], [0, 2], [2, 0], [2, 1], [1, 2]], :Winner=>"Draw"}
{:Players=>["Player 1: X", "Computer: O"], :Moves=>[[0, 1], [0, 0], [1, 0], [1, 1], [2, 2], [0, 2], [2, 0], [2, 1], [1, 2]], :Winner=>"Draw"}
{:Players=>["Player 1: X", "Computer: O"], :Moves=>[[2, 0], [1, 1], [0, 0], [1, 0], [1, 2], [0, 1], [2, 1], [2, 2], [0, 2]], :Winner=>"Draw"}
{:Players=>["Player 1: X", "Computer: O"], :Moves=>[[1, 2], [0, 2], [0, 0], [1, 0], [0, 1], [1, 1], [2, 0], [2, 1], [2, 2]], :Winner=>"Draw"}
{:Players=>["Player 1: X", "Computer: O"], :Moves=>[[0, 2], [1, 1], [0, 0], [0, 1], [2, 1], [1, 0], [1, 2], [2, 2], [2, 0]], :Winner=>"Draw"}
{:Players=>["Player 1: X", "Computer: O"], :Moves=>[[0, 1], [0, 0], [1, 0], [1, 1], [2, 2], [0, 2], [2, 0], [2, 1], [1, 2]], :Winner=>"Draw"}
{:Players=>["Player 1: X", "Computer: O"], :Moves=>[[1, 2], [0, 2], [0, 0], [1, 0], [0, 1], [1, 1], [2, 0], [2, 1], [2, 2]], :Winner=>"Draw"}
{:Players=>["Player 1: X", "Computer: O"], :Moves=>[[1, 1], [0, 0], [0, 1], [2, 1], [1, 0], [1, 2], [0, 2], [2, 0], [2, 2]], :Winner=>"Draw"}
{:Players=>["Player 1: X", "Computer: O"], :Moves=>[[1, 1], [0, 0], [2, 0], [0, 2], [0, 1], [2, 1], [2, 2], [1, 0], [1, 2]], :Winner=>"Draw"}
{:Players=>["Computer: X", "Player 1: O"], :Moves=>[[2, 0], [1, 1], [0, 0], [1, 0], [1, 2], [0, 1], [2, 1], [2, 2], [0, 2]], :Winner=>"Draw"}
{:Players=>["Player 1: X", "Computer: O"], :Moves=>[[1, 0], [0, 0], [0, 1], [1, 1], [2, 2], [0, 2], [2, 0], [2, 1], [1, 2]], :Winner=>"Draw"}
{:Players=>["Computer: X", "Player 1: O"], :Moves=>[[2, 0], [1, 1], [0, 0], [1, 0], [1, 2], [0, 1], [2, 1], [2, 2], [0, 2]], :Winner=>"Draw"}
{:Players=>["Computer: X", "Player 1: O"], :Moves=>[[1, 2], [1, 0], [0, 0], [2, 0], [0, 1], [2, 2], [0, 2]], :Winner=>"Computer: X"}
{:Players=>["Computer: X", "Player 1: O"], :Moves=>[[1, 1], [0, 0], [0, 1], [2, 1], [1, 0], [1, 2], [0, 2], [2, 0], [2, 2]], :Winner=>"Draw"}
{:Players=>["Computer: X", "Player 1: O"], :Moves=>[[1, 1], [0, 0], [0, 1], [2, 1], [1, 0], [1, 2], [0, 2], [2, 0], [2, 2]], :Winner=>"Draw"}
{:Players=>["Computer: X", "Player 1: O"], :Moves=>[[1, 0], [0, 0], [0, 1], [1, 1], [2, 2], [0, 2], [2, 0], [2, 1], [1, 2]], :Winner=>"Draw"}
{:Players=>["Computer: X", "Player 1: O"], :Moves=>[[1, 1], [0, 0], [0, 1], [2, 1], [1, 0], [1, 2], [0, 2], [2, 0], [2, 2]], :Winner=>"Draw"}
{:Players=>["Computer: X", "Player 1: O"], :Moves=>[[2, 2], [1, 1], [0, 0], [0, 1], [2, 1], [2, 0], [0, 2], [1, 2], [1, 0]], :Winner=>"Draw"}
