[[0, 0], [0, 2], [1, 0], [2, 0], [1, 1], [2, 2], [1, 2]]
[[0, 0], [1, 1], [2, 2], [0, 1], [2, 1]]
[[0, 0], [0, 2], [1, 2], [1, 0], [2, 0]]
[[0, 0], [0, 2], [1, 0], [2, 0], [1, 1], [1, 2], [2, 2]]
[[0, 0], [0, 2], [1, 0], [2, 0]]
[[1, 0], [0, 2], [0, 0], [2, 0]]
[[0, 1], [0, 2], [1, 1], [2, 1], [1, 0], [2, 0], [1, 2]]
[[0, 0], [1, 1], [2, 2], [0, 1], [2, 1], [2, 0], [0, 2], [1, 2], [1, 0]]
[[0, 0], [0, 2], [1, 0], [2, 2], [1, 2], [2, 0], [1, 1]]
[[0, 0], [1, 1], [1, 0], [1, 2]]
[[1, 0], [0, 2], [0, 0], [2, 0], [1, 1], [2, 2], [1, 2]]
[[2, 0], [0, 0], [0, 2], [1, 1], [2, 2], [2, 1], [1, 2]]
[[0, 0], [1, 1], [2, 0], [0, 2]]
[[0, 0], [1, 1], [2, 2], [0, 1], [2, 1], [2, 0], [1, 0], [0, 2]]
[[0, 0], [1, 0], [0, 1], [0, 2], [1, 1], [2, 2], [2, 1]]
[[0, 0], [1, 1], [0, 1], [0, 2], [2, 0], [1, 0], [1, 2], [2, 1], [2, 2]]
[[0, 1], [1, 1], [0, 0], [0, 2], [2, 0], [1, 0], [1, 2], [2, 2], [2, 1]]
[[0, 1], [1, 1], [0, 0], [0, 2], [2, 0], [1, 0], [1, 2], [2, 2], [2, 1]]
[[0, 2], [0, 0], [1, 2], [2, 2], [1, 1], [1, 0], [2, 0]]
[[0, 1], [2, 0], [0, 0], [0, 2], [1, 1], [2, 2], [2, 1]]
[[0, 2], [0, 0], [1, 2], [2, 2], [1, 1], [2, 0], [1, 0]]
[[0, 0], [2, 2], [1, 1], [1, 0], [2, 0], [2, 1], [0, 2]]
[[0, 2], [1, 1], [2, 0], [0, 1], [2, 1], [2, 2], [0, 0], [1, 0], [1, 2]]
[[0, 0], [1, 1], [2, 0], [1, 0], [1, 2], [0, 1], [2, 2], [2, 1]]
[[0, 0], [1, 1], [1, 0], [2, 0], [0, 1], [0, 2]]
[[2, 2], [0, 0], [0, 2], [1, 2], [2, 0], [1, 0], [1, 1]]
[[0, 1], [0, 0], [2, 1], [1, 1], [2, 2], [2, 0], [0, 2], [1, 0]]
[[2, 0], [0, 0], [0, 2], [1, 1], [2, 2], [2, 1], [1, 2]]
[[1, 0], [0, 1], [0, 0], [2, 0], [1, 1], [2, 2], [1, 2]]
[[0, 0], [1, 1], [2, 2], [0, 1], [2, 1], [2, 0], [0, 2], [1, 2], [1, 0]]
[[2, 2], [0, 0], [0, 2], [1, 2], [2, 0], [2, 1], [1, 1]]
[[0, 0], [1, 1], [2, 2], [0, 1], [2, 1], [2, 0], [0, 2], [1, 2], [1, 0]]
[[2, 2], [0, 0], [0, 2], [1, 2], [2, 0], [2, 1], [1, 1]]
[[0, 0], [1, 1], [2, 0], [1, 0], [1, 2], [0, 1], [2, 1], [2, 2], [0, 2]]
[[0, 0], [0, 2], [1, 0], [2, 0], [1, 1], [2, 2], [2, 1], [1, 2]]
[[0, 0], [0, 2], [1, 1], [2, 2], [1, 2], [0, 1], [1, 0], [2, 0], [2, 1]]
[[2, 2], [0, 1], [0, 2], [1, 2], [1, 1], [2, 0], [0, 0]]
[[1, 2], [1, 1], [0, 0], [2, 2], [0, 1], [0, 2], [2, 0], [1, 0], [2, 1]]
[[0, 0], [0, 2], [0, 1], [1, 1], [2, 0], [1, 0], [1, 2], [2, 2], [2, 1]]
[[1, 2], [1, 1], [0, 0], [1, 0], [0, 1], [0, 2], [2, 0], [2, 2], [2, 1]]
[[0, 0], [1, 1], [2, 2], [0, 1], [2, 1], [2, 0], [1, 0], [0, 2]]
[[0, 0], [0, 2], [1, 0], [2, 0], [1, 1], [2, 2], [1, 2]]
[[0, 0], [1, 1], [2, 2], [0, 1], [2, 1], [2, 0], [1, 2], [0, 2]]
[[0, 0], [1, 1], [0, 2], [0, 1], [2, 1], [1, 0], [2, 2], [1, 2]]
[[2, 1], [0, 0], [2, 0], [2, 2], [1, 1], [0, 2], [0, 1]]
[[0, 0], [1, 1], [2, 2], [0, 1], [2, 1], [2, 0], [1, 0], [0, 2]]
[[0, 0], [1, 1], [0, 2], [0, 1], [2, 1], [1, 0], [1, 2], [2, 2], [2, 0]]
[[0, 0], [1, 1], [0, 1], [0, 2], [2, 0], [1, 0], [1, 2], [2, 1], [2, 2]]
[[1, 1], [0, 0], [0, 1], [2, 1], [1, 0], [1, 2], [0, 2], [2, 0], [2, 2]]
[[2, 2], [0, 0], [0, 2], [1, 2], [2, 0], [2, 1], [1, 1]]
[[0, 0], [1, 1], [2, 2], [0, 1], [2, 1], [2, 0], [1, 0], [0, 2]]
[[0, 0], [1, 1], [2, 1], [1, 0], [1, 2], [0, 2], [0, 1], [2, 0]]
[[0, 0], [0, 2], [1, 0], [2, 0], [1, 1], [2, 2], [1, 2]]
[[0, 2], [0, 0], [1, 2], [2, 2], [1, 1], [2, 0], [1, 0]]
[[0, 0], [1, 1], [2, 1], [1, 0], [1, 2], [0, 2], [2, 0], [2, 2], [0, 1]]
[[0, 0], [1, 1], [0, 2], [0, 1], [2, 1], [1, 0], [1, 2], [2, 2], [2, 0]]
[[1, 2], [0, 0], [0, 2], [2, 2], [1, 1], [1, 0], [2, 0]]
[[0, 0], [1, 1], [2, 2], [0, 1], [2, 1], [2, 0], [1, 0], [0, 2]]
[[1, 2], [0, 0], [0, 2], [2, 2], [1, 1], [1, 0], [2, 0]]
[[1, 1], [0, 0], [0, 1], [2, 1], [1, 0], [1, 2], [0, 2], [2, 0], [2, 2]]
[[0, 0], [0, 1], [1, 2], [0, 2]]
[[0, 0], [0, 1], [0, 2]]
[[0, 0], [1, 1], [2, 2], [0, 1], [2, 1], [2, 0], [1, 0], [0, 2]]
[[0, 0], [1, 1], [2, 2], [0, 1], [2, 1], [2, 0], [1, 0], [0, 2]]
[[1, 2], [0, 0], [0, 2], [2, 2], [1, 1], [2, 0], [1, 0]]
[[0, 0], [1, 1], [2, 2], [0, 1], [2, 1], [2, 0], [1, 0], [0, 2]]
[[2, 2], [0, 0], [0, 2], [1, 2], [2, 0], [2, 1], [1, 1]]
[[1, 0], [0, 0], [0, 1], [1, 1], [2, 2], [2, 0], [0, 2], [1, 2], [2, 1]]
[[1, 2], [0, 0], [0, 2], [2, 2], [1, 1], [2, 0], [1, 0]]
[[2, 1], [0, 0], [2, 0], [2, 2], [1, 1], [0, 2], [0, 1]]
[[1, 1], [1, 0], [0, 0], [2, 2], [0, 1], [2, 1], [0, 2]]
[[1, 0], [1, 1], [0, 0], [2, 0], [0, 2], [0, 1], [2, 1], [2, 2], [1, 2]]
[[0, 0], [2, 2], [1, 1], [2, 1], [2, 0], [0, 2], [1, 2], [1, 0], [0, 1]]
[[0, 0], [1, 1], [1, 0], [2, 0], [0, 2], [0, 1], [2, 1], [1, 2], [2, 2]]
[[1, 2], [1, 1], [0, 0], [2, 0], [0, 2], [2, 1], [0, 1]]
[[2, 1], [0, 1], [2, 0], [2, 2], [0, 0], [1, 0], [0, 2], [1, 1], [1, 2]]
[[0, 0], [1, 1], [0, 2], [0, 1], [2, 1], [1, 0], [1, 2], [2, 2], [2, 0]]
[[2, 1], [0, 1], [2, 0], [2, 2], [0, 0], [1, 0], [0, 2], [1, 1], [1, 2]]
[[0, 2], [2, 0], [0, 0], [0, 1], [2, 2], [1, 2], [1, 1]]
[[0, 0], [1, 1], [0, 1], [0, 2], [1, 0], [2, 0]]
[[2, 2], [0, 0], [0, 2], [1, 2], [2, 0], [2, 1], [1, 1]]
[[2, 0], [0, 0], [0, 2], [1, 1], [2, 2], [2, 1], [1, 2]]
[nil, [1, 1], nil, [0, 0], nil, [0, 1], nil, [0, 2]]
[[2, 1], nil, [0, 0], nil, [0, 1], nil, [0, 2]]
[nil, [0, 0], nil, [0, 1], nil, [0, 2]]
[nil, [0, 2], nil, [0, 0], nil, [0, 1]]
[]
[]
[[0, 0], [1, 1], [0, 0], [0, 1], [0, 0], [0, 2], [0, 0], [1, 0], [0, 0], [1, 2]]
[[0, 0], [1, 1], [0, 0], [0, 1], [0, 0], [0, 2], [0, 0], [1, 0], [0, 0], [1, 2]]
[[0, 0], [1, 1], [2, 1], [1, 0], [1, 2], [0, 2], [2, 0], [2, 2], [0, 1]]
[[0, 0], [1, 1], [0, 2], [0, 1], [2, 1], [1, 0], [1, 2], [2, 2], [2, 0]]
[[0, 0], [2, 1], [1, 0], [2, 0], [2, 2], [1, 1], [0, 2], [0, 1]]
[[0, 0], [1, 1], [0, 2], [0, 1], [2, 1], [1, 0], [1, 2], [2, 2], [2, 0]]
[[0, 0], [1, 1], [1, 0], [2, 0], [0, 2], [0, 1], [2, 1], [1, 2], [2, 2]]
[[0, 0], [1, 1], [2, 2], [0, 1], [2, 1], [2, 0], [1, 0], [0, 2]]
[[0, 0], [1, 1], [1, 0], [2, 0], [0, 2], [0, 1], [2, 1], [1, 2], [2, 2]]
[[0, 0], [1, 1], [2, 2], [0, 1], [2, 1], [2, 0], [1, 0], [0, 2]]
[[0, 2], [0, 0], [1, 2], [2, 2], [1, 1], [1, 0], [2, 0]]
[[0, 0], [1, 1], [2, 2], [0, 1], [2, 1], [2, 0], [1, 0], [0, 2]]
[[0, 2], [0, 0], [1, 2], [2, 2], [1, 1], [2, 0], [1, 0]]
[[0, 0], [1, 1], [2, 2], [0, 1], [2, 1], [2, 0], [1, 0], [0, 2]]
[[2, 2], [0, 0], [0, 2], [1, 2], [2, 0], [1, 1], [2, 1]]
[[0, 0], [1, 1], [2, 1], [1, 0], [1, 2], [0, 2], [2, 2], [2, 0]]
[[0, 0], [1, 1], [2, 1], [1, 0], [1, 2], [0, 2], [2, 2], [2, 0]]
[[0, 0], [1, 1], [2, 2], [0, 1], [2, 1], [2, 0], [1, 0], [0, 2]]
[[1, 1], [0, 0], [0, 1], [0, 2]]
[[0, 0], [1, 1], [2, 0], [1, 0], [1, 2], [0, 1], [2, 2], [2, 1]]
[[0, 1], [0, 0], [0, 2]]
[[0, 0], [0, 1], [1, 0], [2, 0], [1, 1], [1, 2], [2, 2]]
[[0, 0], [1, 1], [2, 2], [0, 1], [2, 1], [2, 0], [1, 0], [0, 2]]
[[0, 0], [2, 1], [2, 2], [2, 0], [1, 1]]
[[0, 0], [1, 1], [2, 1], [1, 0], [1, 2], [0, 2], [2, 2], [2, 0]]
[[0, 0], [1, 1], [2, 1], [1, 0], [1, 2], [0, 2], [2, 2], [2, 0]]
[[0, 0], [2, 2], [2, 1], [1, 1], [1, 0], [0, 2], [1, 2], [0, 1], [2, 0]]
[[1, 1], [0, 0], [0, 1], [2, 1], [1, 0], [1, 2], [0, 2], [2, 2], [2, 0]]
[[0, 0], [2, 2], [2, 1], [0, 1], [1, 0], [2, 0], [1, 1], [0, 2], [1, 2]]
[[0, 0], [1, 1], [2, 2], [0, 1], [2, 1], [2, 0], [0, 2], [1, 2], [1, 0]]
[[0, 0], [2, 2], [1, 1], [2, 0], [1, 0], [1, 2], [0, 2], [0, 1], [2, 1]]
[[0, 0], [1, 1], [2, 2], [0, 1], [2, 1], [2, 0], [1, 0], [0, 2]]
[[0, 0], [1, 1], [2, 2], [0, 1], [2, 1], [2, 0], [1, 0], [0, 2]]
[[0, 0], [0, 2], [1, 0], [2, 0], [1, 1], [1, 2], [2, 2]]
[[0, 0], [1, 1], [2, 2], [0, 1], [2, 1], [2, 0], [1, 0], [0, 2]]
[[2, 1], [0, 2], [2, 2], [0, 1], [0, 0], [2, 0], [1, 1]]
[[0, 0], [1, 1], [2, 2], [0, 1], [2, 1], [2, 0], [1, 0], [0, 2]]
[[0, 2], [0, 0], [1, 2], [2, 2], [1, 1], [1, 0], [2, 0]]
[[0, 0], [0, 1], [1, 0], [2, 0], [1, 1], [2, 2], [1, 2]]
[[1, 2], [1, 1], [0, 0], [1, 0], [0, 2], [2, 2], [0, 1]]
[[0, 1], [1, 1], [0, 0], [0, 2], [2, 0], [1, 0], [1, 2], [2, 2], [2, 1]]
[[1, 2], [0, 1], [0, 2], [2, 2], [1, 1], [1, 0], [2, 0]]
[[0, 0], [1, 1], [2, 2], [0, 1], [2, 1], [2, 0], [1, 0], [0, 2]]
[[0, 0], [0, 1], [1, 0], [2, 0], [1, 1], [2, 2], [1, 2]]
[[2, 0], [1, 1], [0, 0], [1, 0], [1, 2], [0, 1], [2, 1], [2, 2], [0, 2]]
[[0, 2], [0, 1], [1, 1], [2, 0], [1, 2], [2, 2], [1, 0]]
[[1, 1], [0, 0], [1, 0], [1, 2], [2, 0], [0, 2], [2, 2], [0, 1]]
[[1, 1], [0, 0], [2, 0], [0, 2], [0, 1], [2, 1], [2, 2], [1, 0], [1, 2]]
[[1, 2], [0, 1], [0, 2], [2, 2], [1, 1], [1, 0], [2, 0]]
[[0, 0], [1, 2], [2, 1], [1, 0], [1, 1], [2, 0], [2, 2]]
[[1, 1], [0, 0], [0, 1], [2, 1], [1, 0], [1, 2], [0, 2], [2, 0], [2, 2]]
[[2, 0], [0, 0], [0, 2], [1, 1], [2, 2], [2, 1], [1, 2]]
[[1, 1], [0, 0], [2, 0], [0, 2], [0, 1], [2, 1], [2, 2], [1, 0], [1, 2]]
[[0, 0], [1, 1], [2, 2], [0, 1], [2, 1], [2, 0], [0, 2], [1, 2], [1, 0]]
[[0, 0], [1, 1], [2, 2], [0, 1], [2, 1], [2, 0], [1, 2], [0, 2]]
[[0, 1], [1, 2], [0, 2], [0, 0], [1, 1], [2, 0], [2, 1]]
[[2, 2], [1, 1], [0, 0], [0, 1], [2, 1], [2, 0], [0, 2], [1, 2], [1, 0]]
[[0, 0], [1, 1], [2, 2], [0, 1], [1, 0], [2, 0], [0, 2], [2, 1]]
[[0, 0], [1, 1], [2, 2], [0, 1], [1, 0], [2, 1]]
[[0, 0], [2, 2], [1, 1], [0, 2], [1, 2], [1, 0], [0, 1], [2, 1], [2, 0]]
[[1, 1], [0, 0], [0, 1], [2, 1], [1, 0], [1, 2], [0, 2], [2, 0], [2, 2]]
[[2, 2], [0, 0], [0, 2], [1, 2], [2, 0], [1, 1], [2, 1]]
[[1, 1], [0, 0], [0, 1], [2, 1], [1, 0], [1, 2], [0, 2], [2, 0], [2, 2]]
[[1, 0], [0, 1], [0, 0], [2, 0], [1, 1], [1, 2], [2, 2]]
[[0, 2], [1, 1], [0, 0], [0, 1], [2, 1], [1, 0], [1, 2], [2, 2], [2, 0]]
[[0, 0], [0, 1], [1, 0], [2, 0], [1, 1], [2, 2], [1, 2]]
[[0, 0], [2, 2], [1, 1], [2, 1], [2, 0], [1, 0], [0, 2]]
[[2, 2], [0, 0], [0, 2], [1, 2], [2, 0], [2, 1], [1, 1]]
[[1, 0], [0, 0], [0, 1], [1, 1], [2, 2], [2, 1], [0, 2], [1, 2], [2, 0]]
[[0, 2], [1, 1], [2, 0], [0, 1], [2, 1], [2, 2], [1, 0], [0, 0]]
[[0, 0], [1, 1], [2, 2], [0, 1], [2, 1], [2, 0], [1, 2], [0, 2]]
[[0, 1], [0, 0], [1, 0], [2, 2], [1, 1], [2, 1], [1, 2]]
[[0, 0], [1, 1], [2, 2], [0, 1], [2, 1], [2, 0], [1, 2], [0, 2]]
[[0, 0], [0, 1], [0, 2], [1, 0], [1, 1], [1, 2], [2, 0]]
[[1, 2], [0, 0], [0, 2], [2, 2], [1, 1], [2, 0], [1, 0]]
[[0, 0], [0, 1], [1, 0], [2, 0], [1, 1], [1, 2], [2, 2]]
[[1, 1], [0, 0], [0, 1], [2, 1], [1, 0], [1, 2], [0, 2], [2, 0], [2, 2]]
[[0, 0], [0, 1], [1, 0], [1, 1], [2, 0]]
[[0, 0], [1, 1], [2, 0], [1, 0], [1, 2], [0, 1], [2, 1], [2, 2], [0, 2]]
[[0, 0], [0, 1], [1, 0], [2, 0], [1, 1], [1, 2], [2, 2]]
[[0, 1], [0, 0], [2, 1], [1, 1], [0, 2], [2, 2]]
[[0, 2], [1, 1], [0, 0], [0, 1], [1, 2], [2, 1]]
[[2, 0], [2, 2], [0, 2], [0, 0], [0, 1], [1, 1]]
[[2, 1], [2, 0], [0, 0], [1, 0], [0, 2], [2, 2], [1, 1], [1, 2], [0, 1]]
[[1, 1], [0, 0], [0, 1], [2, 1], [1, 0], [1, 2], [0, 2], [2, 0], [2, 2]]
[[1, 1], [0, 0], [0, 2], [2, 0], [0, 1], [1, 0]]
[[1, 2], [0, 0], [0, 2], [2, 2], [1, 1], [1, 0], [2, 0]]
[[1, 1], [0, 0], [0, 1], [2, 1], [1, 0], [1, 2], [0, 2], [2, 0], [2, 2]]
[[1, 0], [1, 2], [0, 0], [2, 1], [2, 0]]
[[0, 0], [1, 0], [0, 1], [2, 0], [0, 2]]
[[0, 0], [0, 2], [1, 1], [0, 1], [1, 0], [2, 2], [1, 2]]
[[1, 2], [0, 2], [2, 1], [0, 0], [1, 0], [0, 1]]
[[2, 0], [0, 2], [1, 2], [0, 1], [1, 0], [1, 1], [0, 0]]
[[2, 0], [0, 0], [0, 2], [2, 2], [0, 1], [1, 0], [1, 2], [1, 1]]
[[0, 0], [1, 2], [1, 1], [1, 0], [0, 1], [0, 2], [2, 2]]
[[1, 1], [2, 2], [0, 0], [0, 2], [1, 2], [1, 0], [2, 0], [2, 1], [0, 1]]
[[1, 2], [0, 0], [1, 0], [1, 1], [2, 2], [0, 1], [0, 2]]
